-.738504	-30.040515
.441818	-19.106102
.740104	-19.235474
-.183947	-22.158203
1.005061	-12.767199
-.378227	-14.88776 
-.842426	-24.304135
-.738619	-34.606005
.380877	-2.211216
2.381463	-16.054308
1.023459	-14.855418
-1.25029 	-20.000361
1.569181	-13.040869
.211205	-15.876599
.431808	-27.086558
1.18687 	-25.891175
-.388567	-27.980212
-.676975	-17.858401
1.020759	-17.398516
-.568526	-28.160114
-.798182	-23.377095
-1.474638	-31.973667
2.114394	-23.468872
.738158	-32.885969
1.5248  	-17.241754
.247716	-24.829018
-.053443	-15.295302
.209835	-17.750936
-1.039566	-21.131099
-.260228	-19.041449
1.862319	-12.415911
-.639067	-16.406578
.560243	-17.437638
-.703702	-15.969102
.413928	-16.895341
.05245 	-25.530566
.469817	-12.208124
.038962	-20.664621
-.354056	-22.33997 
-2.411697	-32.071802
-1.786246	-34.094031
.521595	-17.423715
-.020796	-21.15507 
-.399076	-23.229011
-.902205	-31.451438
-1.264001	-22.64653 
1.301061	-13.844645
.346676	-19.723609
-1.641257	-28.423875
.506675	-22.492547
-.535379	-16.593587
-1.275248	-24.481074
-1.090956	-18.541938
-.861089	-26.017614
-.389039	-29.302951
-.793457	-25.887511
1.260485	-11.910622
.914778	-8.207688
-.169735	-25.657078
.516536	-20.630618
1.142799	-25.584297
-1.205035	-31.019705
.351255	-11.933073
1.408766	-13.575786
.15302 	-22.259216
.815544	-9.862904
-2.096531	-22.058289
.475828	-15.831849
-.403656	-24.685188
.442109	-19.14385 
.343601	-16.759957
1.736058	-10.755554
1.261228	-10.576751
.388599	-20.888744
.205201	-24.157009
-.072342	-22.192466
-.896271	-21.833314
.44785 	-8.472411
-1.093227	-18.57394 
-1.840535	-20.162701
.540456	-11.83965 
-2.133804	-32.498524
-1.531678	-24.20036 
-.050134	-21.887738
-.290866	-24.747136
.494196	-21.461064
.67553 	-20.959651
.360313	-21.021636
-.674342	-16.781076
1.180228	-6.912914
.623924	-15.428594
.489792	-19.277176
1.756058	-9.544255
1.880577	-5.767109
-.571956	-18.384103
-.312859	-24.38116 
-.417509	-15.003489
1.032212	-25.08992 
-.963014	-25.027577
.37174 	-19.061964
1.134907	-19.119413
.159544	-21.36464 
-.54456 	-16.833949
-.757381	-25.643087
-1.206195	-26.238663
-.175385	-20.327633
.434292	-23.364343
1.402137	-16.485286
.018899	-25.49332 
1.609906	-19.86668 
-1.642283	-19.300006
.831749	-9.169542
-.880261	-33.408933
.796638	-23.786459
-.215643	-26.101718
-.2105  	-22.704023
-1.641099	-14.963655
.757406	-13.02935 
.547209	-23.274985
.696652	-13.714685
-2.663925	-23.713133
.648839	-15.662864
.222912	-14.069564
-.329845	-19.771237
-.252915	-30.479021
.955362	-8.150437
-.364103	-24.200968
-2.966   	-33.970215
.299609	-21.177757
1.079783	-25.931209
.119003	-18.905267
-.735471	-18.33051 
-.463971	-25.54062 
.334392	-11.150114
.228073	-17.156385
-.546634	-32.959861
.465979	-16.744142
.433603	-18.516201
-.753328	-23.199042
-.27732 	-23.369567
.325453	-14.952367
.190989	-10.381897
-1.377037	-24.197487
-1.745949	-30.550576
.12919 	-22.18473 
.511296	-14.893809
.664207	-10.795648
-.132266	-19.577937
1.315937	-15.73728 
-.054777	-22.359772
1.354458	-16.185357
-.37634 	-17.063404
1.882532	-10.217053
-.293584	-25.976718
.825441	-13.383491
-.726996	-21.753767
-.929549	-19.584255
.700449	-9.071674
.938506	-17.380164
1.109293	-4.076348
-1.957427	-29.907728
1.098957	-17.205806
-.418001	-24.604764
-1.591066	-29.758599
2.226254	-7.712337
.496135	-15.315492
1.433114	-17.423239
.378436	-19.743923
-.106385	-23.060779
-1.792074	-30.706747
-1.109574	-30.506335
.908268	-13.364524
-.289433	-21.934024
.952985	-14.910495
.275019	-19.301092
.33644 	-11.589627
1.54277 	-18.049764
-.852214	-18.35187 
-1.550332	-39.538165
-.047121	-22.172282
-.818182	-23.737869
-.491101	-17.425792
-.552986	-23.516204
-.815411	-19.983499
-1.055995	-20.81669 
-2.126404	-32.823215
.357156	-23.490984
-.946046	-16.995583
.218822	-28.56125 
-1.365826	-25.566497
.554651	-23.256484
-.020290	-13.084162
-.115902	-20.463814
.796615	-19.0885  
-.1753  	-29.010418
.166211	-19.443014
.727574	-16.482319
.822615	-14.105702
1.897333	-13.301856
.162165	-16.611658
.380277	-19.187026
-.10606 	-33.397895
1.742054	-6.866013
-1.418432	-19.747989
-.12091 	-12.84837 
-.902446	-18.21983 
1.622634	-17.084177
.328686	-18.234956
-1.116937	-23.54113 
-.498071	-25.277231
.560062	-7.930452
-.567394	-26.800742
-.151966	-24.298083
-1.604289	-23.691563
-.657357	-23.666895
.557993	-17.465096
.272202	-22.717893
.63421 	-13.933181
.746947	-14.447104
.271002	-20.688315
-.041170	-29.298674
.492025	-15.99173 
-.245184	-16.704297
-.192137	-20.447387
-.656366	-15.875319
-.731032	-26.329964
-1.725229	-32.81496 
2.238911	-4.134252
-1.033844	-25.642588
.384023	-17.914366
-1.132959	-21.291599
.176849	-13.328503
.214965	-19.246446
-1.915794	-25.741733
1.973946	-17.111058
-.267683	-18.463426
-.859913	-27.186635
.183175	-23.247342
.289282	-15.977632
1.236645	-19.286753
1.115355	-18.877733
-.376866	-14.586174
.503708	-14.420292
-.985917	-15.353069
.350728	-17.051575
1.860939	-15.836562
-1.677582	-24.50146 
.005534	-19.672132
-.891252	-18.613045
-.28761 	-25.4925  
-.815126	-20.533679
.025601	-17.152865
-.234925	-16.14857 
.166341	-27.709094
-1.74424 	-15.154591
-1.736021	-34.79922 
-.104282	-19.529224
.330425	-17.484407
1.488833	-14.729882
-.161101	-31.178551
-1.068495	-24.815173
1.313835	-17.236416
-2.384107	-27.302486
.841419	-10.147045
3.067124	-4.660224
-.35891 	-27.522933
-.659888	-24.78685 
-.43698 	-24.500273
.722349	-15.740159
-.229906	-16.922778
-.342635	-10.331066
1.368881	-11.884445
-.198644	-18.518751
-.325989	-19.826077
-.066372	-24.933961
.807812	-13.337544
-.519947	-19.439233
.166847	-23.390232
.376092	-13.453792
.470113	-13.909256
.617823	-20.226824
-.711098	-21.553084
2.333069	-5.579215
.212133	-17.805818
.133486	-27.843225
.361319	-14.694855
.435883	-14.933018
.520118	-28.810666
-.504327	-27.001419
-.112407	-13.200531
.469902	-11.813933
-1.111383	-25.692875
-.130635	-23.93816 
-1.598782	-21.833567
1.053235	-10.135565
.392482	-14.752765
-1.782184	-27.376261
.794467	-27.073848
.119947	-15.079513
.524322	-15.283662
-1.147253	-20.811208
.470219	-21.596101
.323624	-22.148118
-.703405	-24.030436
-1.023506	-23.893187
-.203324	-23.897741
.382412	-16.0981  
1.240075	-16.325756
.118021	-26.474947
.243994	-18.363216
-.10024 	-17.034289
-.579421	-19.894052
.442492	-28.227113
.726579	-20.823641
-2.297322	-27.309078
-.022603	-17.034451
-.541684	-26.591253
-.137151	-16.572824
.762205	-20.190522
.396242	-13.342574
-.215662	-27.422531
-2.163649	-34.422306
2.363957	-15.381636
1.204618	-22.493378
1.508371	-14.325752
-.457415	-15.566846
.494762	-11.642853
-1.838722	-22.425068
.906573	-18.775492
.095223	-16.303307
.599121	-16.709874
-.092518	-21.938556
.275917	-18.454134
-.330462	-27.264796
-.178254	-17.050896
-.048498	-33.592646
.966636	-17.677411
.408012	-11.897247
-1.661978	-35.550007
-.062786	-20.617171
.49301 	-17.856325
2.028244	-19.1012  
.609614	-19.481859
.790989	-14.858753
-.073107	-26.316062
1.195206	-19.365094
.121687	-17.747555
.905084	-18.792677
-2.191129	-33.894259
.562979	-16.675698
2.051655	-12.875192
-.708761	-34.149686
-.426643	-15.281241
-.685341	-27.346794
.515935	-26.066003
.533767	-15.106368
-.300476	-19.714016
-.148796	-15.536026
.104479	-12.468187
1.007381	-13.369304
.146216	-16.03074 
2.799601	-8.37557 
-.657551	-20.839024
-2.008034	-29.618341
.370932	-14.789176
1.397618	-16.577025
-.614411	-24.698602
.224321	-14.263225
.244254	-20.28224 
-.056643	-16.308214
.927425	-14.485872
-.388953	-17.96602 
1.719851	-10.901248
-.138239	-17.716926
1.36404 	-12.813609
-.114575	-14.180439
-.517501	-26.099753
-1.653281	-32.886489
.37233 	-18.226852
.558764	-21.989463
-1.024156	-22.881393
1.671399	-14.592974
.873491	-13.466298
.287734	-20.078969
-.206996	-19.73616 
-1.026802	-22.84311 
-.55356 	-23.187699
-1.417653	-23.128378
1.578318	-23.198902
-1.374026	-30.958346
1.627443	-9.581381
.393021	-18.188492
.932248	-8.994442
-.042488	-22.257985
.640823	-11.53234 
1.73661 	-14.305657
-1.057943	-25.200206
-.011144	-19.365403
.070671	-17.830463
.035442	-17.59987 
-.164724	-27.699936
-1.272337	-28.298161
.64621 	-17.654626
-1.116556	-21.254027
.187255	-22.259581
.40244 	-20.229573
-1.980735	-24.145638
-.342937	-17.481161
1.041328	-17.863658
-.842717	-28.806662
.115374	-19.368055
-.226129	-25.118625
1.084838	-18.160646
-.260317	-19.430192
.170584	-30.017114
-.046843	-22.827448
.072848	-19.438154
-1.049149	-23.212898
-.138788	-27.451206
.541631	-23.799685
.743566	-14.66408 
.584895	-9.501344
1.12089 	-27.401571
-.152278	-22.671365
.714925	-12.463931
-.155159	-16.161475
.500872	-21.785506
.534165	-18.211116
-.239064	-24.746582
1.254354	-13.101896
-.291173	-23.553836
1.447318	-14.277087
-.665372	-19.404264
-.263554	-26.186849
-1.309831	-16.694265
.244052	-25.653946
1.963143	-9.038557
1.066023	-14.773342
1.345949	-18.383004
.863754	-6.773723
-1.338881	-24.043504
-1.076732	-20.500573
-.028143	-28.204916
-.428847	-22.200008
-.081155	-23.3674  
-.322151	-27.264983
-1.113848	-23.320445
-.450157	-27.184398
.545864	-7.418249
-.524845	-14.355041
.426156	-17.114994
-.030314	-23.937177
.312082	-23.524856
-1.098979	-25.383808
-.036097	-22.553857
-.009872	-22.022412
-.507469	-27.718137
1.697127	-9.840037
.169807	-20.90422 
.882016	-23.751842
.364015	-14.72558 
.744027	-22.753359
-.768275	-29.060606
.687445	-12.419827
-.322267	-23.595124
.921172	-12.361309
.682204	-17.35367 
1.151843	-9.739415
-.92151 	-23.257509
-.541599	-23.180295
.041945	-17.816853
-.083991	-23.539273
-.645301	-21.942732
1.422505	-18.150934
-.911069	-24.550693
-.834574	-17.729636
1.266612	-7.708427
.135963	-19.307924
.20562 	-23.325642
.526087	-11.133355
-1.645569	-31.071954
-.104334	-21.236739
.673309	-33.130243
.637893	-11.443527
.564891	-27.493188
-.831005	-22.204172
1.30291 	-18.777245
-.165299	-12.779787
-.471804	-30.94005 
.996283	-14.333287
-.529393	-27.345632
-.583471	-27.206147
-.315891	-25.294585
-1.494372	-28.34448 
.096250	-18.727433
-.015841	-18.901861
-.704278	-23.722111
2.029191	-7.238744
.267045	-20.955507
1.227639	-19.67785 
1.717645	-17.278142
.471529	-12.07028 
-.096166	-26.602946
.004136	-16.418482
-1.450871	-24.007104
-.067798	-24.789477
-.252766	-23.130678
1.097843	-12.843957
.18479 	-18.903379
-.768286	-21.275979
.444867	-12.999386
-.575728	-21.021992
-.447761	-26.991791
-.732981	-27.660021
1.818512	-6.67464 
-.403843	-27.990754
.779617	-13.677884
.572666	-13.724146
.749556	-20.472048
1.310471	-17.000987
.151585	-16.229899
.169348	-21.002005
-.664701	-24.378859
-.654735	-20.584998
-.251146	-12.422837
-2.265833	-24.880807
-1.874981	-27.527938
-1.138483	-20.911596
-.369943	-20.84434 
-.643714	-24.654843
.328283	-18.485429
-.749765	-25.441608
-.041881	-12.166021
.1035  	-13.585491
-1.381556	-24.80351 
-.758219	-23.158226
-.779507	-33.364605
-.944536	-20.328512
.253849	-17.818825
.157899	-23.104231
.365418	-17.469486
.05889 	-12.935463
.787314	-25.019083
1.800361	-16.129717
.526461	-21.745183
-.270818	-18.706846
1.196647	-15.418857
-1.091996	-24.094839
-.049489	-23.45674 
.883434	-16.759103
-.352466	-22.347841
-1.592342	-19.066233
-1.796037	-36.306956
-1.346732	-21.814944
1.003231	-10.453787
-1.934795	-15.023996
-.45434 	-22.669463
.581669	-15.25136 
1.511554	-14.83815 
.531383	-19.454783
-1.317197	-34.773003
.193405	-21.528265
.312844	-20.344552
-1.782629	-28.439247
3.015724	-6.606285
1.571492	-7.712896
-.12805 	-24.044764
-1.508784	-22.149322
-1.803229	-29.158554
2.115241	-20.630505
1.282171	-10.98662 
.194327	-23.675664
.795865	-26.896083
.841651	-19.410104
-.603664	-24.635695
-1.053946	-23.572633
.169171	-13.840636
-.411435	-17.677405
.645017	-17.850844
1.315433	-12.832974
1.622337	-12.340377
-.247733	-13.082837
-.267587	-16.698834
-.478172	-19.556893
.187304	-26.705351
-.863503	-24.707825
-.106375	-19.323043
.926407	-25.534634
.646509	-18.039401
-.356577	-21.896122
-1.269435	-23.971068
-.216313	-24.026004
-.919466	-25.798496
-.989173	-17.049917
-1.41343 	-28.949141
-1.619704	-33.382488
.580969	-28.022217
.208479	-21.424076
.003193	-22.332129
-.413415	-18.405022
.603697	-16.044276
1.599855	-10.038735
.537978	-16.01578 
-.076185	-18.892427
-.603771	-31.302192
.636707	-17.601211
-.013600	-22.980532
.642914	-15.750323
.291079	-25.880885
-.226439	-24.943202
-1.095898	-21.266848
.741341	-10.530196
-1.365014	-33.849886
.613823	-20.323014
.067694	-14.910645
.58145 	-19.262451
.57131 	-29.433391
.126151	-18.718699
.828989	-25.533172
-.344597	-20.600338
.429778	-15.790381
-.329964	-14.088862
-.406315	-26.268526
.286068	-26.822335
-.376207	-22.162179
.729805	-15.315959
-.999286	-18.733179
-.038521	-19.651099
1.090545	-15.936871
1.122199	-24.471855
1.079569	-19.120685
1.810381	-13.916707
.269407	-14.279254
-.779216	-24.489097
.232202	-21.425051
-1.588091	-23.578274
2.233346	-11.728454
.425885	-16.33406 
.746924	-23.741044
.985141	-17.949101
-.398987	-24.941265
1.087713	-20.191659
-1.423311	-24.817366
.531387	-17.950282
.330281	-16.016451
.050755	-23.934571
.833172	-17.365262
-.835195	-17.073451
.908833	-19.994814
1.507351	-15.873296
-2.304266	-32.586254
-.285101	-25.997741
.603936	-20.346557
.776662	-14.436032
-.444596	-29.325067
-.980657	-20.022669
-.618989	-16.645748
-.427917	-19.159237
.914905	-14.544321
1.39177 	-13.732944
1.834507	-22.337637
-.154833	-30.929814
1.94484 	-5.35029 
-.188036	-16.230284
-.81316 	-22.283914
.655137	-20.145507
-.206939	-29.272687
-.998569	-27.965293
-.990008	-29.634469
-.137498	-28.017482
-1.66414 	-31.701804
-1.147375	-18.697357
-.427107	-17.185801
1.517287	-16.750147
-2.842642	-35.812389
-.004165	-19.225362
.433719	-24.123786
-1.94689 	-25.041596
-.661044	-17.26208 
.145384	-22.214339
.964637	-12.125736
-.801203	-19.309192
.238739	-10.959462
-.698976	-26.431912
1.902957	-10.368794
-.463248	-19.791897
-.709743	-28.533533
-.774196	-25.282393
-.44236 	-15.578048
-.220766	-11.208769
1.020797	-7.726155
.76039 	-19.647696
-.553444	-18.608846
.783143	-10.383197
.70808 	-17.741106
-.687231	-28.355122
1.895486	-2.096083
-.68779 	-20.023913
-1.915367	-19.753536
.741569	-17.432916
-.52674 	-16.196345
1.69583 	-20.600511
.867868	-14.359757
2.073273	-7.335042
.007488	-25.440638
1.069616	-7.245738
.063279	-26.832729
-.824193	-22.897204
.108273	-18.006975
-.744493	-19.502469
-.838651	-25.8833  
-.074902	-24.548606
.504865	-13.372455
.353114	-19.824026
.73485 	-15.442159
-1.381257	-29.154029
-.532592	-17.67018 
-.046737	-18.112038
-.576837	-18.289925
-.293217	-23.786182
-.659307	-18.414311
.465666	-15.359792
2.125531	-14.019249
1.500935	-16.248339
.335808	-20.623574
-.351978	-24.369549
-.862112	-19.86362 
-1.152486	-27.344055
-1.705394	-25.812016
-.602514	-28.245352
1.020659	-7.832442
-.154816	-13.409204
-.409314	-15.364718
-.533639	-25.53391 
.785297	-10.274164
-1.253351	-27.877851
-1.182498	-24.814477
1.148401	-11.335347
.73926 	-13.180573
1.104076	-11.811443
1.151183	-11.030738
.279952	-13.214166
-1.347217	-18.198   
.018669	-19.817584
1.094636	-8.493409
.742938	-15.219772
-.385821	-31.434505
.685179	-26.366918
.847093	-13.369562
.087038	-19.533772
-2.32668 	-27.10612 
-1.772294	-24.40521 
1.226904	-23.811597
2.259555	-11.302951
-1.702373	-28.943614
.846705	-16.35079 
-.771618	-27.775007
1.677965	-18.860753
-.30892 	-17.612646
-1.348817	-27.92075 
.028344	-17.875486
-1.014725	-22.110189
-.309516	-9.587978
.713531	-13.466404
-.551014	-18.631551
-1.366081	-18.64283 
.530239	-15.799279
-.217939	-20.461581
-.338663	-29.662009
-2.672654	-32.15782 
.238649	-17.938533
.105855	-25.424295
-.397619	-21.522781
-.447524	-19.009611
1.280791	-9.372761
-.766337	-22.737645
1.062537	-17.73865 
.686744	-26.532432
.47349 	-21.751254
.061729	-13.493664
-1.296688	-31.908785
-.789227	-29.828431
-.686712	-23.891212
-.384123	-27.885749
-1.303154	-24.735087
-.503298	-16.723829
.585555	-14.176538
1.229859	-8.706608
-1.397337	-39.440522
-.651935	-24.016074
.708217	-17.810132
-.652917	-13.934116
.533817	-18.858   
-.744494	-20.817692
.32047 	-17.481685
.733087	-14.917291
1.60914 	-11.716244
-1.291323	-20.651711
-.357963	-24.128811
.958213	-17.223266
.575719	-10.1514  
.146464	-20.674911
-.964459	-15.601899
-.379848	-26.016675
1.174425	-14.336514
-.092060	-19.715321
-1.455356	-19.013466
1.964876	-19.165965
1.677712	-15.193306
-.727637	-18.438874
-1.647361	-29.722509
1.956494	-6.255212
-.726997	-29.237887
-1.233634	-16.909497
.414501	-16.983928
-.241105	-29.199408
-.882321	-19.15345 
-.278522	-19.988122
-.754424	-25.943367
-.014740	-18.053315
-.987368	-20.536542
-1.730022	-33.579726
-.188101	-13.808026
1.900844	-6.792229
-.526618	-25.211695
.001690	-19.709554
.639201	-18.406573
.359047	-21.691656
-.414785	-18.012104
.094628	-16.609739
.324852	-32.382669
.850269	-14.179434
.260279	-12.58824 
-.306469	-23.539667
.504389	-18.488793
-.457464	-25.961269
.84342 	-12.797669
-.431302	-35.681412
-.605163	-25.515039
-1.264259	-32.542269
-1.06512 	-22.8433  
1.200633	-17.063178
1.610945	-17.524825
1.205346	-14.939364
-.368377	-29.986926
.169729	-16.32553 
1.597571	-19.009931
1.245409	-16.924317
.750035	-19.146246
.665831	-17.291939
-.112324	-9.431586
.488939	-9.238601
1.705027	-17.133276
.081617	-22.841388
-1.008559	-29.361494
-2.110355	-33.799909
1.909682	-19.129513
-1.148766	-24.945684
.516773	-19.774447
.45822 	-19.743415
-1.555675	-23.314032
.708477	-18.914934
-.148549	-18.440571
-.210885	-27.723557
-.608027	-28.408538
-.539543	-25.871926
-1.007078	-25.325105
-2.069247	-32.450553
-1.007039	-34.011362
-1.788057	-15.987909
-.091915	-28.233818
.339304	-17.460361
.976994	-14.103006
-.789748	-26.717184
1.044554	-18.617321
-.544545	-20.689293
.200232	-21.694094
-.726162	-19.159223
-.021267	-22.533792
1.506861	-11.371715
.778896	-16.144479
1.779561	-16.209353
-.166933	-16.533471
.003491	-29.565701
-1.128261	-26.703627
-.850208	-30.526955
-2.093165	-34.305975
-.986178	-13.372019
.240636	-19.203096
2.04193 	-9.468516
.46933 	-24.745837
1.120329	-11.828041
.299399	-16.968564
-.745296	-24.927289
-.195321	-21.407042
-.327314	-24.746668
.722276	-18.685863
1.145809	-17.411628
1.223619	-19.051497
-.192587	-15.087381
-2.189803	-27.47279 
-1.3608  	-25.302714
-.670332	-25.398741
1.22032 	-13.944964
-.005746	-15.962879
1.113387	-15.363614
1.477881	-24.577014
-.072442	-13.973417
.519118	-18.447763
-.292977	-15.930793
-1.826697	-22.928989
-.894936	-18.704791
-.161878	-18.472595
-.444932	-21.189993
-1.326778	-17.43088 
.207807	-20.156072
1.069006	-14.00341 
1.808858	-18.312998
.411369	-22.803066
.771693	-10.10133 
.526205	-18.617258
.43832 	-10.116882
.180377	-24.19025 
-.062873	-25.254417
-1.860243	-31.805163
-1.62368 	-18.46395 
.372029	-16.531737
-1.624852	-33.668959
-.384809	-23.86404 
.742535	-15.785931
.042686	-20.025721
.469836	-14.1082  
-.347131	-18.405368
-1.742587	-38.672357
1.664489	-10.773022
-.993295	-34.113565
.572868	-19.045579
-1.695959	-28.234458
.70272 	-20.481196
-.685019	-24.937475
-1.869402	-22.206571
.947336	-9.848571
.278208	-28.41266 
-1.300026	-20.130652
.279291	-9.757798
-.665307	-24.86811 
.218686	-28.213618
-2.288668	-33.762015
1.779765	-19.994069
2.370913	-.99295 
-1.110345	-27.656258
-.557223	-23.075553
-1.39554 	-25.545622
.409169	-17.429564
-.071353	-23.574642
.691909	-14.829032
.508607	-15.495631
-.461489	-25.070978
1.690994	-10.214129
-.664644	-40.483135
1.534414	-16.982991
.537077	-24.359361
1.667005	-13.293598
1.171734	-15.365249
1.580519	-22.077016
-.151603	-10.684051
-.304185	-14.968648
1.904857	-13.045366
-.597201	-24.154056
.056088	-21.897053
.006581	-26.342924
.881877	-6.711787
-.496353	-18.539815
-1.087589	-22.066083
.627072	-16.928062
.272167	-19.159348
-.319846	-18.739741
.297431	-12.817994
.963021	-12.714971
-.911705	-22.921385
.550796	-21.183541
-.064278	-16.558968
-.35143 	-16.83143 
-.480658	-26.080201
-.286263	-15.120546
-.331893	-27.76957 
-.244442	-23.651693
.930254	-13.937087
-.800483	-35.670014
1.152953	-12.655543
-2.360981	-32.89253 
.042771	-12.886713
-.705385	-20.628085
-.164237	-9.814938
-.015419	-22.265156
-.979112	-19.314766
-.131675	-16.618905
-.307506	-20.641891
1.551773	-15.281887
-.678481	-17.617198
-.388643	-18.514433
.901975	-17.712256
-.752129	-21.607361
-.283413	-24.71359 
-1.3242  	-28.999833
1.254317	-19.072446
-1.67269 	-25.812213
.347656	-14.874835
1.208536	-9.614979
.794143	-15.9404  
.713374	-14.684758
.027179	-19.004433
.195375	-14.705721
-.311917	-25.276896
-.524248	-21.855286
-.171848	-15.988317
.813519	-12.437106
1.369734	-7.212263
-.249704	-17.426897
1.115705	-20.848055
1.417763	-13.520221
1.737852	-13.638708
-1.019141	-23.681286
.327296	-19.114692
-.284552	-21.595175
.006150	-20.875252
-.545763	-13.892919
-.089021	-18.430275
1.175012	-21.796461
1.281762	-19.662163
1.325823	-15.678287
1.083043	-27.517503
-.492319	-28.532631
-.954599	-24.563871
-.285726	-23.29416 
.424863	-17.349955
-1.711375	-26.796758
-1.436515	-23.643243
-.319208	-22.821475
-.074021	-23.613814
-.150204	-20.627439
-1.24806 	-17.392146
-1.017959	-16.968406
-.046880	-21.717237
.761321	-19.775468
-.171029	-16.268618
.320067	-15.53044 
2.022994	-17.456197
-.025564	-19.360752
-.525195	-17.805281
-.162282	-14.29513 
2.420434	-15.317467
-1.029686	-27.186924
2.532518	-7.253522
1.045146	-16.536232
.442258	-23.25404 
-.674965	-23.114553
.342594	-9.475227
-1.131916	-24.223049
-1.281815	-21.10575 
-.010114	-15.720845
.964564	-12.729803
-1.180395	-26.410576
-1.51204 	-20.412112
1.105147	-13.305234
-.968414	-18.951778
-.563981	-28.094736
.94982 	-5.150441
-1.140357	-21.635784
-.767334	-19.572076
-.134168	-20.055767
.869369	-12.638917
.337083	-26.802855
1.075937	-9.908377
1.657187	-16.905724
-1.543391	-28.855246
-1.549592	-19.886106
.92359 	-9.545925
-1.595492	-36.463288
-.450041	-25.227605
1.355047	-18.925919
-1.274714	-22.994756
-.837587	-32.969852
-1.112077	-19.307073
.863828	-10.782943
.902382	-22.149536
-.358135	-17.033751
-.841466	-23.470486
-.004848	-29.950773
-.600488	-22.132579
.624866	-14.709352
-.224949	-14.932608
-.069178	-17.25245 
1.224657	-25.653726
-.260411	-13.115912
.577885	-19.194063
-.710211	-20.452205
-.534348	-15.13586 
.97772 	-13.17222 
1.645116	-7.360176
.708633	-16.272156
-.477189	-18.190845
.539712	-26.535516
-1.189722	-20.770038
-2.14567 	-31.006506
-.498887	-16.333931
-.336399	-16.726126
2.048778	-4.526823
.862728	-23.467521
.187998	-18.178242
-.498982	-18.25037 
.462603	-21.295415
2.268857	-10.301743
.507343	-19.197628
-.254854	-18.397685
-.148843	-18.922818
.234673	-24.042519
.119243	-16.03261 
-1.870311	-25.91775 
1.05777 	-13.109829
1.542596	-21.53065 
1.21088 	-14.427376
-1.102997	-33.604708
.401581	-20.138846
-.213965	-19.514368
1.95798 	-14.060582
.678978	-5.563088
.474409	-10.695894
.660513	-10.491258
.015609	-16.28613 
1.180403	-14.024525
-1.15297 	-19.522897
1.838974	-6.108897
-.528185	-21.309982
-2.072074	-28.680816
-.482162	-16.017519
2.264331	-6.818273
-.966724	-19.662899
-.006434	-12.259499
-.508955	-30.266918
-.678814	-20.602016
-1.465963	-17.784671
1.468134	-11.952236
-.536843	-23.63036 
-.209121	-15.005418
.62335 	-13.167608
.568674	-17.764088
.761338	-23.192751
2.114853	-19.556945
-.143748	-24.834597
-.142663	-10.226324
.911855	-18.009453
.914559	-9.291719
1.863682	-5.937344
-.702322	-24.113973
.254119	-17.472799
1.220767	-13.855396
-.702601	-13.798986
-.35294 	-21.24467 
-.351452	-23.897283
-.460032	-19.758895
-.344757	-17.485658
.545064	-10.630184
1.457032	-11.774696
-.294989	-25.446865
1.020121	-17.918271
3.43796 	-10.886377
1.956526	-9.506841
1.288957	-10.019356
-1.281487	-21.97009 
1.603338	-19.524574
-.096479	-25.442781
.064661	-18.172046
.293608	-18.581925
.133374	-11.071244
-.439346	-19.974325
-2.062943	-20.502822
-1.471517	-29.298922
.322051	-21.827071
-.698836	-22.816361
-.141164	-21.159635
-.815353	-35.43285 
1.328058	-11.380418
.430302	-15.766597
.897474	-15.710816
.908772	-9.073033
-.434629	-19.596701
-.409162	-14.76448 
.367601	-11.371543
.933429	-23.413766
.343269	-22.864365
1.014051	-14.377104
-.723545	-20.910959
-1.113937	-24.633408
.254275	-21.792181
.178784	-16.332074
-.277675	-22.162702
-.978182	-17.060721
-.182461	-20.222629
-.080820	-11.513646
1.616272	-12.047049
-.934704	-27.492827
.787976	-18.120966
.591615	-13.983545
.070506	-16.150428
1.225038	-13.478564
.485797	-21.121318
-.47239 	-26.801225
-2.029156	-35.852493
-.438749	-10.688403
.885191	-22.524429
-.764877	-22.939552
-.065448	-22.70131 
.368536	-22.914804
.351866	-16.481557
1.13358 	-7.70223 
1.580871	-13.223278
1.073482	-21.946228
.497799	-26.367645
.546051	-24.061867
-1.083828	-20.800957
-1.667905	-27.983529
.823926	-16.911443
.035731	-20.882274
.845834	-16.303296
1.249006	-10.349987
-.162998	-22.426374
.872193	-9.94774 
1.120201	-15.350405
-.197467	-18.917533
-.768325	-15.406024
-1.017919	-28.427248
.031636	-24.894368
-.329651	-18.641274
1.115213	-10.277219
-.726778	-26.628432
.590387	-19.346023
-1.194422	-19.910451
-.77633 	-21.870543
-.992934	-36.124303
-1.01637 	-22.461742
-.329831	-22.937714
.243933	-21.882501
1.14243 	-17.242714
-.165975	-24.993242
-.989115	-28.411764
2.313646	-10.068853
-.867349	-25.990502
-2.013798	-24.792004
2.059484	-12.875857
.854345	-20.783817
1.387057	-17.139015
.56668 	-18.704529
-.798897	-23.810833
-1.475611	-8.857055
1.615702	-21.918707
2.615349	-16.614561
.453244	-15.284261
.070454	-18.697262
.490603	-26.942747
2.323938	-16.683498
.364058	-18.559948
.137544	-27.834055
.504858	-24.557754
-1.594113	-30.536338
-.134375	-34.810674
-.639391	-13.156289
-.546429	-23.86439 
.929663	-17.607231
-.280545	-8.084842
-1.748859	-20.959063
-.376075	-13.744454
.166764	-24.396186
.63583 	-7.686074
.300366	-18.869883
.444688	-14.481301
.875943	-13.030871
1.613536	-21.977027
-.206112	-14.535545
-1.42919 	-23.552503
-.604609	-30.253017
-1.422335	-24.218151
.722953	-22.822593
.288959	-22.889469
.143544	-11.303613
1.386679	-18.498522
-1.385426	-18.390187
1.96786 	-16.231856
-1.329839	-33.314238
-.209534	-20.957965
-1.645215	-21.609163
.093977	-17.402941
1.739683	-9.79039 
-.955341	-26.047282
.743013	-13.215557
-.194551	-20.906307
1.89103 	-18.67167 
-2.550416	-33.378801
-1.674919	-27.538692
.962165	-9.003285
-.475   	-17.945458
-.156158	-11.412212
1.299583	-6.656584
-.431917	-23.434116
1.212809	-20.349005
.004734	-26.010158
-1.184567	-30.975513
-.257309	-34.001585
-1.361519	-34.204556
-.869522	-30.092924
-1.595274	-27.68248 
1.203332	-7.175648
-.299367	-22.157237
-1.674628	-28.930442
.945787	-17.82926 
2.041686	-18.555448
.657784	-19.981239
2.131288	-18.688571
.536139	-23.100043
1.224506	-16.064313
.502955	-22.151981
1.697582	-16.522772
-.55864 	-16.085698
1.290209	-13.150197
1.744187	-12.178949
.185563	-21.613542
-.322675	-23.338792
.53032 	-11.622554
-.49245 	-15.487574
-.484938	-24.703846
.016385	-15.119976
1.4595  	-10.856443
.681223	-15.763021
.217967	-23.166126
.537202	-20.758248
-.51643 	-28.726385
1.677756	-19.055579
.617245	-22.820798
-.555882	-20.023948
-.780762	-25.682587
-.39667 	-20.47859 
1.880973	-10.362972
1.092749	-17.314857
1.364107	-16.364331
-.808656	-29.182123
.434782	-23.956196
.195442	-21.410178
.625938	-15.29181 
1.537433	-11.582622
.428516	-9.43964 
-2.115813	-32.524364
-1.561893	-21.295248
-.922091	-17.650807
-1.028697	-24.083944
1.734973	-14.011457
.923985	-10.891998
1.386892	-16.759403
.551208	-11.797244
-.396884	-22.701246
.990329	-18.711647
-.82821 	-27.078345
2.403932	-14.023475
-2.168811	-27.802623
-2.245721	-28.011313
.067905	-23.555545
-1.344496	-16.591192
-.453367	-19.376517
.515246	-13.25369 
.041991	-16.791118
-1.175751	-18.287685
.639945	-24.449564
-.316778	-21.234951
.600877	-21.080782
-.134263	-22.978399
-2.227575	-30.701811
1.753698	-13.416137
.452669	-16.02555 
-1.749572	-28.228883
-.129794	-24.843526
.687122	-20.933429
.448394	-25.1244  
-1.268535	-28.717719
.759305	-13.817185
2.021248	-10.698752
.684788	-21.385754
.176591	-10.806412
.610953	-12.61013 
-.156084	-21.085   
-.020535	-24.9471  
.849851	-9.536413
1.424213	-17.170908
.133793	-18.607676
.296016	-19.719035
-1.234013	-30.385102
.375893	-18.930453
-.055614	-19.896582
-1.707636	-24.961532
-.184427	-24.609458
.320312	-14.650023
-1.09651 	-25.392861
-.137667	-20.097928
-1.949914	-33.65585 
.923255	-15.058818
-.854568	-22.157345
-1.240693	-26.612321
.140267	-24.546863
-2.058815	-30.862214
.947138	-11.99037 
1.485968	-13.793374
-.602782	-28.93008 
-.57988 	-25.825254
-.775047	-23.027759
1.071903	-15.030023
.055085	-18.575843
1.784803	-3.19901 
.372302	-24.204755
1.166438	-9.177905
-.237163	-16.555896
-.72846 	-22.29292 
-.044532	-23.625735
-.099166	-17.706972
-1.593724	-21.294917
.717446	-15.969339
1.511075	-20.005416
1.422982	-9.13975 
-1.865742	-28.780411
.602347	-20.335468
-.302344	-16.434114
.892289	-26.280545
-1.478496	-31.766287
.626338	-17.95921 
2.279668	-13.170585
1.017595	-15.352863
-.291145	-19.471523
.202458	-17.78209 
-.630402	-26.252411
.733552	-22.363348
-2.683085	-35.751573
-1.333715	-24.708517
1.455551	-22.447187
.933208	-13.638149
-1.03129 	-28.966689
-.960157	-28.325588
-.548828	-25.691246
1.973094	-6.715164
-.763103	-24.719126
-.037008	-19.365837
.382368	-15.877422
1.782972	-19.044433
-.639517	-22.816094
.740463	-21.088146
-1.393294	-23.496297
1.663741	-16.688478
-1.038568	-28.877428
.159374	-16.451019
.514974	-4.375634
-1.617288	-29.976505
1.652079	-14.332737
.800697	-17.870754
.167014	-29.405112
-.610264	-23.971073
-.050579	-27.209688
1.425369	-15.038507
-.237359	-20.615817
.295497	-23.719593
-1.567692	-32.199117
.649254	-9.61803 
1.053068	-9.954209
1.363432	-16.896917
.627797	-18.304113
1.418556	-18.351139
-.196286	-20.334436
-.930701	-24.268213
.110696	-18.617073
-.177847	-28.497188
.192967	-16.711518
.97201 	-10.80188 
.134558	-19.911891
.888007	-12.772418
-1.298156	-16.079531
.580988	-16.410461
1.162547	-4.017222
.388933	-24.576785
.337512	-20.593278
-.800104	-26.254024
-.417288	-21.310718
2.157829	-15.882093
.626906	-18.446665
2.229481	-6.045921
.457763	-22.175984
-.077152	-31.249126
-.170401	-23.171076
.211627	-15.05596 
-1.96371 	-29.65442 
1.770101	-5.140108
1.773458	-9.764408
-1.48083 	-28.972518
-.572786	-25.801763
-1.067791	-24.496263
-.24495 	-20.21633 
.683475	-16.04717 
1.136197	-11.60846 
-1.265559	-24.622432
.921196	-15.97796 
1.183415	-11.465514
-1.285381	-19.383708
-1.616302	-20.808864
-.826472	-24.834087
.295843	-27.00996 
1.360294	-13.029846
-.674954	-23.701613
1.073743	-13.677044
.538665	-13.005759
-1.78501 	-23.342501
.860745	-14.049529
2.85712 	-11.832137
-.518967	-22.200944
.056627	-21.087622
-.252835	-32.29306 
-.030343	-28.907569
-.144396	-22.555327
2.265037	-10.82064 
.524946	-14.125546
-1.646532	-21.561202
-1.131153	-17.699667
.944759	-12.559973
-.281175	-16.311485
-.073555	-19.54503 
-.267993	-18.424188
-.122555	-22.55481 
.137854	-15.316658
1.087834	-14.387   
.148711	-12.118602
-.255278	-17.748586
-.389527	-18.372294
.093784	-12.657957
.412562	-14.35552 
.278621	-16.353157
.994364	-16.570084
-.705461	-20.168993
-.509977	-22.41539 
1.607112	-15.949665
-1.25399 	-29.185762
.174106	-21.535506
-.675458	-14.061655
-1.260122	-30.007018
-.350493	-30.699188
-.065263	-12.242302
.636554	-13.557103
.826765	-17.172913
.771124	-12.812381
.15755 	-20.921764
1.534829	-8.025583
.292361	-32.021811
.938635	-6.980314
-1.778278	-28.737568
-1.006306	-24.0242  
2.27309 	-17.070165
-.526014	-26.468703
-1.199243	-25.010039
2.052512	-18.024965
.101895	-27.882862
-.187635	-19.265163
.257703	-17.335358
-.988014	-26.888773
.271579	-15.100497
-.440691	-18.092931
.145211	-21.860169
1.225576	-16.336721
-1.405291	-24.120311
-.89959 	-21.168123
-2.109086	-33.344725
-.290558	-10.177333
.069162	-24.215364
-1.593582	-27.117057
-.040188	-13.140048
1.153847	-17.637672
.384476	-9.128311
.316881	-14.299339
.735522	-14.009179
-1.106757	-29.735669
1.332306	-13.063771
1.051508	-22.63864 
-.228519	-22.643398
-1.330419	-29.456575
-.737318	-14.778072
-.169261	-31.401325
-.561354	-24.243648
-.462379	-19.700479
-.036522	-11.48834 
-.146817	-12.203057
-2.346432	-27.789453
-.13231 	-22.291421
-.987146	-28.74005 
.634309	-15.75738 
.891664	-18.112776
-.445899	-19.316636
1.026027	-20.949595
.027272	-18.646485
-1.116104	-24.881864
.155717	-15.662719
-.893965	-22.209725
.588432	-16.105009
.007788	-18.615893
.945998	-21.38011 
.972871	-23.133954
.197252	-22.518539
1.710062	-14.30359 
2.200914	-13.34683 
.011185	-22.830238
-1.804705	-31.549377
-1.429825	-26.669599
-2.215909	-24.723859
-1.081251	-17.60719 
-.995487	-22.330385
-.346471	-20.325425
-2.065885	-35.410273
1.35883 	-16.240841
-.587781	-28.291055
1.101688	-11.576946
.684341	-17.57987 
-.526521	-20.047409
.098611	-17.050897
.248764	-23.875329
.447674	-16.207796
-.354138	-18.046813
-1.830458	-22.695482
.562478	-20.993911
.600693	-15.326578
-.143693	-22.584683
-.296472	-22.424025
.275211	-12.539559
-1.393028	-21.872073
-.47598 	-27.328793
-.750557	-22.470836
.058198	-9.424295
-.714227	-22.53327 
-.30437 	-26.346163
-1.266419	-21.437624
-2.78668 	-33.127899
.122567	-18.595807
.452638	-19.382154
1.074319	-19.018979
1.202377	-18.620696
-1.025593	-21.096281
.976959	-8.557942
-.125734	-24.570159
1.690607	-16.184028
-.031392	-6.508788
-.068103	-29.199922
.896193	-17.913212
-2.677128	-25.385972
.41266 	-4.979732
-.538411	-16.443115
-.792167	-32.253448
.068213	-17.503958
-.599521	-26.097576
-1.70404 	-24.724815
.340236	-26.42812 
-1.139155	-23.996065
-1.239949	-28.594288
1.141447	-14.697936
-.172436	-18.514196
.057235	-16.599965
.105855	-22.245504
-.006536	-25.520622
1.491239	-3.450112
-.709952	-15.075311
-1.05585 	-24.997234
.976136	-24.439843
-1.085629	-30.127156
-.651568	-17.518524
.142515	-22.921179
1.92649 	-12.56207 
.978708	-15.212441
.375705	-20.599479
1.137664	-15.64612 
-.187022	-20.276506
-.536375	-20.158631
-.698768	-24.904943
-.546719	-24.64213 
.592552	-17.188328
.104355	-16.384145
.085539	-15.683156
1.407983	-21.838975
.039285	-22.345523
-1.296039	-31.111795
1.479018	-22.848734
.808999	-16.571763
-.171016	-26.248987
.156938	-27.778292
.495528	-12.502613
.246452	-12.110853
-.035907	-18.956274
-.81659 	-10.230458
.605942	-25.71112 
-.446388	-16.112477
-.62925 	-22.513608
.726201	-16.539412
.207198	-17.370135
.977381	-13.837306
1.184936	-12.274706
.026510	-17.013074
1.57418 	-12.732515
.467206	-8.386873
-2.427935	-30.559287
-1.299559	-25.80333 
-1.246677	-24.535587
1.285539	-16.473229
-1.245037	-28.779085
.759348	-20.372741
.789288	-25.914217
-1.996795	-24.026622
-1.160632	-33.647283
-1.638377	-19.711682
.519852	-20.693225
2.729196	-14.227433
.367108	-16.56342 
-.69282 	-24.163259
-.337533	-10.144247
1.205951	-9.210834
-.608877	-17.911769
.14126 	-18.155576
-.838638	-17.301195
-2.696225	-19.943835
.695745	-30.108186
-.444839	-25.593531
-.232531	-20.747174
-1.221475	-25.85798 
.41191 	-24.558349
3.612246	-9.095428
1.406026	-17.655176
.531415	-8.776831
-.445321	-27.560704
-.645454	-10.70872 
2.1227  	-19.24237 
-.369672	-26.016471
-.555696	-25.446847
-.772859	-18.573927
-.323326	-23.868581
1.876583	-13.033202
-.580503	-28.625828
.166035	-16.611591
1.140305	-14.844026
-.749295	-22.340818
-1.751555	-21.737418
.159822	-21.46876 
1.175499	-7.124096
2.18063 	-6.158355
.24886 	-16.11517 
2.357096	-8.970605
-1.544233	-29.208938
1.017361	-13.36905 
-.273451	-19.736825
-.820441	-19.760387
-1.440279	-9.428148
.7087  	-15.260184
.448753	-20.102545
-.626629	-14.438402
.095441	-23.191551
-1.582595	-30.458791
.634147	-22.748067
-.261113	-24.319025
1.85173 	-23.608946
.949565	-19.12907 
.506694	-15.120923
1.651519	-12.429094
-1.214101	-22.222057
-1.617579	-21.136632
-1.129193	-17.214837
-.191301	-24.496856
-1.325282	-32.093279
-.401521	-25.366339
.810881	-13.36631 
.368389	-14.452826
.998129	-16.999582
-.860233	-27.961327
.116263	-23.687748
-.426652	-18.266471
.058995	-19.814828
-.963998	-23.989777
-1.242646	-24.863504
-.350784	-27.025985
-.197312	-23.760979
-.51186 	-19.113341
-.603156	-32.294842
-.069058	-18.484185
-.164389	-10.233101
.023721	-13.452945
-.491689	-24.935427
.232086	-26.12839 
-.181591	-16.756795
-1.076581	-17.901818
-1.698994	-28.891893
1.160073	-14.157556
.397424	-19.042758
-.964245	-24.594697
-1.485013	-25.10992 
-.596051	-21.505347
-.676214	-25.250241
-1.652726	-24.541254
-.795379	-22.689223
-.718362	-25.935354
-.383832	-13.39033 
-.95099 	-22.999691
-.560598	-22.033236
1.0474  	-20.102591
1.071853	-19.815088
-.578526	-19.891968
-.375297	-21.319516
-1.549629	-22.916031
-.076838	-20.550608
-.328837	-23.117457
.149048	-16.410044
-.003000	-19.459047
1.533936	-15.118443
1.363943	-15.111218
1.664952	-20.030425
-1.135229	-24.464676
-1.882456	-22.944474
-.621519	-18.56068 
.171578	-18.892013
-.912728	-24.447158
-1.318805	-28.316957
.980342	-14.619458
.130693	-24.104575
-.638257	-22.567287
1.119611	-13.247362
.172927	-20.419407
-.439502	-16.511252
.355827	-19.295409
.066036	-18.028478
-.216703	-25.183403
1.824266	-12.391049
.801395	-20.036601
.049813	-24.602539
-.609933	-13.061975
.656554	-5.043829
1.040542	-18.774071
-.102153	-9.609926
.314873	-14.277519
2.375739	-19.02275 
.285458	-20.654771
-.036776	-19.637017
-.775365	-27.831972
2.053899	-10.577832
1.133336	-21.330885
.509248	-14.300496
-.61935 	-20.082274
.348882	-18.42075 
.941442	-18.225937
.68547 	-11.677887
-.47735 	-20.379315
-.222757	-17.065827
.031376	-22.442821
.955   	-17.57657 
-.57659 	-22.002942
-.640003	-21.613429
-.864881	-27.618154
1.838803	-9.287397
-.022426	-20.043918
.582336	-13.63181 
1.004874	-17.982093
2.899373	-16.386657
-1.817358	-27.594631
-.472758	-26.108502
-.039073	-9.649653
-1.349335	-26.60508 
.755906	-13.977193
1.412921	-9.993929
.590882	-16.408667
-.424961	-17.812776
.59159 	-11.321001
1.096292	-12.4791  
-1.80406 	-30.512818
-2.043127	-39.428466
.393617	-12.889105
.200467	-24.412799
-.643117	-22.351454
-.97096 	-32.25233 
-.035712	-13.866077
.15398 	-15.738492
1.352664	-12.418576
-.961037	-24.042336
.92225 	-18.862515
-.591281	-14.891306
-1.206477	-19.638978
.443562	-25.38846 
-.705206	-18.79956 
-.972533	-16.674863
-.869086	-13.740674
.617923	-15.298939
.861109	-25.423167
-.365051	-20.417734
.754764	-13.077851
-.877525	-19.147022
-1.09617 	-27.547082
-1.536527	-32.216838
-.940673	-28.412677
.115144	-13.034118
-.893715	-24.253118
-.274202	-25.106492
-.477979	-22.569079
.340024	-24.842678
-.609698	-17.004624
-.537023	-15.11178 
.094228	-8.756517
.358294	-20.806778
-.437901	-27.907567
.89362 	-15.786719
-.992833	-25.606258
1.192782	-8.571789
.482358	-26.044144
1.400896	-17.14062 
.521688	-15.935798
-1.42866 	-27.242317
.648517	-13.766844
.790782	-14.421835
.890505	-17.756132
-.371887	-13.986635
.608525	-21.39626 
-.779061	-31.402265
1.068647	-10.231209
.098353	-23.604621
1.368391	-11.871093
-1.49791 	-21.852098
.916707	-22.454083
.251659	-19.257834
-.656695	-25.680791
-.822843	-23.084545
.431186	-15.01003 
-1.758538	-24.117686
-.540929	-21.510695
-.371862	-15.444601
.130998	-20.89523 
.012064	-18.309595
-.753359	-13.066261
.932573	-13.250229
.463482	-28.38248 
-.148884	-18.087283
-1.173994	-22.247242
-1.055213	-33.622898
.326647	-21.951447
.474384	-15.801867
.153338	-24.207081
-.252285	-10.458704
.145065	-15.436067
2.353907	-12.172611
-1.378029	-34.69733 
-.14399 	-19.716099
-1.879971	-34.413893
.383027	-14.970178
-1.234713	-23.970772
.767767	-18.241458
1.902948	-11.126551
1.575149	-23.97945 
-1.553836	-23.933327
-.766367	-23.012927
.86359 	-16.52282 
.304348	-11.522363
.64332 	-17.548023
-.200474	-22.42782 
-.149756	-23.724406
.876262	-22.604551
.086029	-12.395237
.232729	-9.916413
-1.49393 	-22.07653 
-2.04039 	-20.304523
.792902	-14.495313
1.911665	-16.755632
.784723	-14.28305 
.241795	-21.26357 
-.897608	-22.021401
1.204654	-16.116233
.159164	-24.412047
-.089880	-5.751725
.872597	-18.664786
-.083534	-23.380435
.10576 	-22.19449 
-1.187075	-22.904468
-.686236	-22.511754
.223304	-17.082508
-1.029761	-19.74258 
-1.896136	-36.723817
-.956219	-23.601678
.164019	-15.222862
.171397	-25.789899
-.699274	-14.285739
-.220612	-14.74453 
-.508286	-19.731191
2.27313 	-10.248964
-1.109328	-24.119839
-.463532	-27.103562
.311056	-6.158359
-.66291 	-23.484751
.890099	-18.656577
-.504786	-15.458833
1.796622	-8.1591  
.429085	-17.771389
-.473187	-16.435434
